6
10
20 25 9 57 45 73 7 34 16 48 21 31 11 45 30 62 14 51 41 44 
5
96
1
38
52
90

25
12 121 57 136 85 98 106 167 53 117 11 25 112 149 45 50 107 150 62 116 110 116 97 214 63 99 71 167 43 85 99 216 57 84 9 119 82 106 69 180 64 168 124 241 31 38 71 190 53 133 
25
100
234
212
83
35
2
107
146
240
121
133
227
12
114
13
98
11
114
41
176
55
29
146
228
91

50
1 500 500 500 16 135 80 310 186 242 170 327 132 138 98 227 28 129 18 205 203 260 74 149 133 286 232 354 100 149 67 142 37 186 120 205 34 73 9 208 234 340 2 241 62 298 144 176 242 465 144 185 47 157 192 376 229 404 78 147 21 140 72 282 39 111 148 208 32 100 17 24 36 176 63 100 116 354 87 277 199 400 188 400 1 202 178 277 130 208 13 148 185 361 221 425 37 129 128 147 
50
318
143
106
392
189
367
11
69
61
136
445
153
104
281
324
434
13
406
268
188
222
252
114
421
473
195
445
183
321
138
127
78
294
285
258
62
451
287
101
452
361
268
417
125
229
418
371
20
465
335

15
20 20 105 105 123 123 5 141 176 359 6 192 108 268 21 142 124 271 134 315 143 184 91 240 196 275 167 341 91 150 
8
20
167
28
127
212
137
200
123

20
12 194 62 297 28 90 78 245 181 246 231 323 63 177 113 288 63 141 113 270 78 229 128 314 90 120 140 260 198 369 248 384 165 315 215 357 58 76 108 238 
15
1
10
182
110
365
63
79
232
114
114
129
141
249
216
109

15
289 433 12 289 184 186 119 165 142 145 164 316 73 124 101 133 1 19 80 190 47 132 61 66 67 202 92 178 141 157 
8
289
221
310
336
71
110
279
226

