100
177572037814051070
472782941306622050
848219027770117308
256377558075149611
147245059888431846
599763357143922945
139028636968063966
522556798473718920
931310185141215042
390388193009766213
917114293897721897
78022843950577620
840229073018409366
100534684219530164
641049303694244515
838824977724619490
434560196869634820
56165103436602533
489282168272229681
348271373413670604
84767509534459761
862003501966120974
19908398143479854
16598155158902280
988368199574932202
916431197185818585
971768044002252521
594685792436511
896224803352394201
631307833476676405
277755834049459757
2
178920886632580881
907632010995004305
128
3
514739552302163446
623879444291140764
883362196318798402
820304636359249372
609416555985541504
414982842467549290
400811195878127698
910227620530366615
923575161272381883
461136846295199334
166727005407283371
942482833764515950
4096
735662341028006730
150900262334075671
787440024974972913
599952292497127924
806323686579652922
987706292645177628
960953418235925721
982921259615834229
477283890050370334
988422041212787801
968341026315822238
901945798543109807
414515680433911937
973128209024973328
484433865562383789
350229152744525530
947311958113838376
1
384143337821318646
929860821991818938
94177521842493543
847150247262647948
758520718876630778
642999860318904748
10
896814361835834078
773593867293696892
274877906944
143642064917504810
143023866049021729
971457483220896689
85551582956839554
598190648187599636
973997034739789908
72057594037927936
481314007300332082
995171065308831830
643239417704317397
807902545325764543
235665451947504333
990682687220571619
106698001038708438
906984145382847927
265756245175133176
669458108457088565
46366645909641750
375038115149638562
35184372088832
16
137249442382739758
551688132968978463
