100
20016
38382
93830
14837
10
30205
64400
94332
72089
93709
67140
93788
73952
82596
86040
91129
61856
91361
2881
27165
10915
88533
92720
90837
17265
93850
99743
34259
25364
512
93263
1
33123
50111
95634
928
72425
95340
50079
14064
97268
93015
68952
91239
59952
29398
92624
96525
92370
42315
7904
128
12139
96831
97818
66768
34310
85171
60920
73323
58741
13637
24812
128
65353
8242
37837
91728
3
76519
4096
5867
98466
37148
92913
53249
2
2361
97028
81077
70771
35871
98322
50605
67910
56897
35290
74845
64
15313
28592
4096
54433
50891
70811
21511
5863
33215
55024
21540
